音名	键号	频率	键号	频率	键号	频率	键号	频率	键号	频率	键号	频率	键号	频率	键号	频率
A	
1	27.500	13	55.000	25	110.000	37	220.000	49	440.000	61	880.000	73	1760.000	85	3520.000
#A(bB)	
2	29.135	14	58.270	26	116.541	38	233.082	50	466.164	62	932.328	74	1864.655	86	3729.310
B	
3	30.868	15	61.735	27	123.471	39	246.942	51	493.883	63	987.767	75	1975.533	87	3951.066
C	
4	32.703	16	65.406	28	130.813	40	261.626	52	523.251	64	1046.502	76	2093.005	88	4186.009
#C(bD)	
5	34.648	17	69.296	29	138.591	41	277.183	53	554.365	65	1108.731	77	2217.461
D	
6	36.708	18	73.416	30	146.832	42	293.665	54	587.330	66	1174.659	78	2349.318
#D(bE)	
7	38.891	19	77.782	31	155.563	43	311.127	55	622.254	67	1244.508	79	2489.016
E	
8	41.203	20	82.407	32	164.814	44	329.628	56	659.255	68	1318.510	80	2637.020
F	
9	43.654	21	87.307	33	174.614	45	349.228	57	698.456	69	1396.913	81	2793.826
#F(bG)	
10	46.249	22	92.499	34	184.997	46	369.994	58	739.989	70	1479.978	82	2959.955
G	
11	48.999	23	97.999	35	195.998	47	391.995	59	783.991	71	1567.982	83	3135.963
#G(bA)	
12	51.913	24	103.826	36	207.652	48	415.305	60	830.609	72	1661.219	84	3322.438


A	#A	B	C	#C	D	#D	E	F	#F	G	#G

do	re	mi	fa	sol	la	xi	do

C:
C	D	E	F	G	A	B
+2	+2	+1	+2	+2	+2	->+1
E:
E	#F	#G	A	B	#C	#D
+2	+2	+1	+2	+2	+2	->+1

c:
C	D	bE	F	G	bA	bB	C
+2	+1	+2	+2	+1	+2	->+2

